#Label	X/Longitude	Y/Latitude	Z/Altitude	X_est	Y_est	Z_est
point 1				-88.092928	41.820375	222.544353
point 2				-88.092951	41.820375	222.413399
point 3				-88.092953	41.820393	222.386354
point 4				-88.092928	41.820393	222.488016
point 5				-88.092928	41.820398	222.461427
point 6				-88.092953	41.820396	222.513652
point 7				-88.092953	41.820417	222.369939
point 8				-88.092928	41.820418	222.554782
point 9				-88.092928	41.820421	222.458169
point 10				-88.092950	41.820421	222.374959
point 11				-88.092950	41.820436	222.415003
point 12				-88.092928	41.820436	222.461595
point 13				-88.092925	41.820443	222.459232
point 14				-88.092952	41.820444	222.437648
point 15				-88.092952	41.820464	222.389754
point 16				-88.092928	41.820465	222.516673
point 17				-88.092929	41.820470	222.481311
point 18				-88.092953	41.820469	222.424486
point 19				-88.092953	41.820485	222.442683
point 20				-88.092928	41.820486	222.519194
point 21				-88.092927	41.820490	222.551517
point 22				-88.092953	41.820491	222.441643
point 23				-88.092954	41.820509	222.490021
point 24				-88.092927	41.820508	222.633441
point 25				-88.092928	41.820513	222.641161
point 26				-88.092954	41.820513	222.532456
point 27				-88.092954	41.820531	222.523080
point 28				-88.092927	41.820531	222.656732
point 29				-88.092929	41.820537	222.654742
point 30				-88.092955	41.820536	222.584280
point 31				-88.092956	41.820556	222.534943
point 32				-88.092930	41.820555	222.652017
point 33				-88.092931	41.820561	222.585444
point 34				-88.092957	41.820562	222.553289
point 35				-88.092959	41.820578	222.549718
point 36				-88.092932	41.820577	222.564716
point 37				-88.092932	41.820580	222.576821
point 38				-88.092959	41.820581	222.606821
point 39				-88.092960	41.820600	222.601644
point 40				-88.092932	41.820602	222.627270
point 41				-88.092932	41.820607	222.596143
point 42				-88.092960	41.820606	222.523829
point 43				-88.092961	41.820622	222.578294
point 44				-88.092932	41.820621	223.145019
point 45				-88.092932	41.820625	223.364803
point 46				-88.092962	41.820624	222.593662
point 47				-88.092961	41.820645	223.521416
point 48				-88.092934	41.820647	222.716948
point 49				-88.092935	41.820653	222.652909
point 50				-88.092963	41.820653	222.508340
point 51				-88.092964	41.820669	222.603654
point 52				-88.092936	41.820670	222.617496
point 53				-88.092936	41.820673	222.670520
point 54				-88.092962	41.820672	222.624350
point 55				-88.092965	41.820692	222.646043
point 56				-88.092937	41.820691	222.698811
point 57				-88.092936	41.820697	222.690493
point 58				-88.092964	41.820697	222.716970
point 59				-88.092965	41.820715	222.861364
point 60				-88.092937	41.820717	222.755290
point 61				-88.092938	41.820720	222.756207
point 62				-88.092964	41.820719	222.891929
point 63				-88.092966	41.820737	222.731633
point 64				-88.092938	41.820739	222.819914
point 65				-88.092939	41.820742	222.786199
point 66				-88.092965	41.820741	222.805864
point 67				-88.092968	41.820759	222.815567
point 68				-88.092940	41.820761	222.851694
point 69				-88.092943	41.820765	222.874116
point 70				-88.092970	41.820764	222.898057
point 71				-88.092973	41.820781	222.936722
point 72				-88.092946	41.820784	222.993933
point 73				-88.092896	41.820377	222.509979
point 74				-88.092922	41.820376	222.522128
point 75				-88.092923	41.820394	222.492272
point 76				-88.092895	41.820396	222.578288
point 77				-88.092895	41.820399	222.566526
point 78				-88.092923	41.820398	222.476687
point 79				-88.092924	41.820418	222.506655
point 80				-88.092894	41.820419	222.640232
point 81				-88.092895	41.820422	222.725804
point 82				-88.092924	41.820422	222.622580
point 83				-88.092924	41.820438	222.519864
point 84				-88.092895	41.820439	223.473671
point 85				-88.092895	41.820445	223.192521
point 86				-88.092923	41.820444	222.571547
point 87				-88.092923	41.820465	223.171349
point 88				-88.092897	41.820466	222.605108
point 89				-88.092898	41.820470	222.623727
point 90				-88.092924	41.820469	222.683912
point 91				-88.092924	41.820485	222.555999
point 92				-88.092898	41.820487	222.625614
point 93				-88.092898	41.820490	222.685143
point 94				-88.092923	41.820489	222.574777
point 95				-88.092924	41.820508	222.595614
point 96				-88.092898	41.820510	222.723093
point 97				-88.092897	41.820514	222.704080
point 98				-88.092923	41.820514	222.621248
point 99				-88.092924	41.820532	222.660564
point 100				-88.092898	41.820532	222.685790
point 101				-88.092898	41.820537	222.707664
point 102				-88.092925	41.820536	222.685722
point 103				-88.092927	41.820555	222.610057
point 104				-88.092898	41.820556	222.784431
point 105				-88.092899	41.820560	222.687770
point 106				-88.092927	41.820559	222.570414
point 107				-88.092928	41.820579	222.588963
point 108				-88.092899	41.820580	222.764707
point 109				-88.092899	41.820583	222.756331
point 110				-88.092929	41.820582	222.602876
point 111				-88.092929	41.820602	222.629730
point 112				-88.092899	41.820603	222.771903
point 113				-88.092899	41.820606	223.056605
point 114				-88.092929	41.820606	222.623337
point 115				-88.092928	41.820622	223.216207
point 116				-88.092900	41.820624	222.904916
point 117				-88.092900	41.820629	222.664218
point 118				-88.092926	41.820628	223.326774
point 119				-88.092928	41.820646	223.016025
point 120				-88.092901	41.820649	222.635161
point 121				-88.092904	41.820652	222.639896
point 122				-88.092931	41.820651	222.817987
point 123				-88.092933	41.820669	222.616284
point 124				-88.092905	41.820671	222.802306
point 125				-88.092905	41.820674	222.737564
point 126				-88.092932	41.820672	222.648566
point 127				-88.092934	41.820691	222.705253
point 128				-88.092905	41.820694	222.780383
point 129				-88.092903	41.820697	222.760307
point 130				-88.092932	41.820696	222.704116
point 131				-88.092934	41.820717	222.732049
point 132				-88.092906	41.820718	222.807372
point 133				-88.092906	41.820720	222.868769
point 134				-88.092936	41.820719	222.749679
point 135				-88.092936	41.820739	222.781314
point 136				-88.092907	41.820741	223.036067
point 137				-88.092908	41.820745	223.057651
point 138				-88.092936	41.820743	222.878586
point 139				-88.092935	41.820760	223.574199
point 140				-88.092909	41.820763	223.131333
point 141				-88.092910	41.820766	223.112440
point 142				-88.092938	41.820765	222.903674
point 143				-88.092941	41.820784	222.977870
point 144				-88.092914	41.820786	223.042843
point 145				-88.092861	41.820378	222.764970
point 146				-88.092891	41.820377	222.620319
point 147				-88.092891	41.820396	222.668323
point 148				-88.092864	41.820397	222.684932
point 149				-88.092863	41.820401	222.664580
point 150				-88.092891	41.820400	222.624478
point 151				-88.092892	41.820419	222.668050
point 152				-88.092863	41.820420	223.200828
point 153				-88.092863	41.820423	223.437378
point 154				-88.092891	41.820422	223.495160
point 155				-88.092891	41.820440	223.429591
point 156				-88.092864	41.820442	223.587966
point 157				-88.092864	41.820448	222.748088
point 158				-88.092892	41.820447	223.348614
point 159				-88.092893	41.820466	222.613684
point 160				-88.092866	41.820466	222.605586
point 161				-88.092866	41.820470	222.744295
point 162				-88.092893	41.820470	222.683840
point 163				-88.092894	41.820488	222.615114
point 164				-88.092865	41.820488	222.822530
point 165				-88.092865	41.820491	222.803443
point 166				-88.092894	41.820491	222.765530
point 167				-88.092894	41.820510	222.732730
point 168				-88.092866	41.820511	222.872617
point 169				-88.092867	41.820516	222.746414
point 170				-88.092894	41.820515	222.692642
point 171				-88.092894	41.820532	222.689336
point 172				-88.092868	41.820534	222.754512
point 173				-88.092869	41.820539	222.721661
point 174				-88.092894	41.820538	222.691440
point 175				-88.092895	41.820555	222.763570
point 176				-88.092870	41.820556	222.743773
point 177				-88.092870	41.820562	222.812331
point 178				-88.092896	41.820560	222.715713
point 179				-88.092897	41.820580	222.772044
point 180				-88.092870	41.820580	222.834597
point 181				-88.092870	41.820586	222.800134
point 182				-88.092896	41.820585	222.771300
point 183				-88.092897	41.820603	222.768929
point 184				-88.092870	41.820603	222.821278
point 185				-88.092869	41.820606	223.105539
point 186				-88.092896	41.820606	222.857841
point 187				-88.092897	41.820624	222.821144
point 188				-88.092871	41.820625	222.788583
point 189				-88.092871	41.820630	222.732379
point 190				-88.092897	41.820629	222.651317
point 191				-88.092899	41.820648	222.631080
point 192				-88.092872	41.820649	222.775436
point 193				-88.092873	41.820653	222.734230
point 194				-88.092900	41.820652	222.667775
point 195				-88.092902	41.820671	222.728296
point 196				-88.092876	41.820672	222.740348
point 197				-88.092875	41.820674	222.783679
point 198				-88.092902	41.820674	222.710835
point 199				-88.092902	41.820694	222.799825
point 200				-88.092875	41.820694	222.889064
point 201				-88.092876	41.820698	222.799720
point 202				-88.092902	41.820698	222.765214
point 203				-88.092902	41.820718	222.839808
point 204				-88.092876	41.820717	222.864562
point 205				-88.092876	41.820722	223.007558
point 206				-88.092903	41.820722	222.916102
point 207				-88.092904	41.820742	222.895607
point 208				-88.092876	41.820742	222.966708
point 209				-88.092878	41.820746	222.961453
point 210				-88.092905	41.820745	223.046576
point 211				-88.092906	41.820764	222.954463
point 212				-88.092880	41.820764	223.058805
point 213				-88.092882	41.820768	223.236705
point 214				-88.092908	41.820766	222.999447
point 215				-88.092910	41.820786	223.038836
point 216				-88.092884	41.820787	223.073227
point 217				-88.092832	41.820379	222.757037
point 218				-88.092856	41.820378	222.785865
point 219				-88.092858	41.820396	222.883372
point 220				-88.092835	41.820397	222.778200
point 221				-88.092834	41.820402	222.813857
point 222				-88.092859	41.820401	222.729331
point 223				-88.092860	41.820418	222.803235
point 224				-88.092836	41.820419	222.788194
point 225				-88.092836	41.820423	222.715233
point 226				-88.092859	41.820422	222.903594
point 227				-88.092859	41.820439	223.423840
point 228				-88.092835	41.820442	222.720779
point 229				-88.092833	41.820445	222.705268
point 230				-88.092859	41.820444	222.948845
point 231				-88.092862	41.820464	222.667483
point 232				-88.092834	41.820465	222.928091
point 233				-88.092834	41.820470	222.707271
point 234				-88.092862	41.820468	222.661009
point 235				-88.092861	41.820487	222.766070
point 236				-88.092835	41.820487	222.818260
point 237				-88.092835	41.820492	222.848924
point 238				-88.092862	41.820491	222.705620
point 239				-88.092862	41.820512	222.811042
point 240				-88.092836	41.820512	223.029734
point 241				-88.092835	41.820516	223.012423
point 242				-88.092863	41.820515	222.792718
point 243				-88.092864	41.820534	222.856775
point 244				-88.092836	41.820534	223.239480
point 245				-88.092836	41.820539	223.099634
point 246				-88.092865	41.820538	222.850935
point 247				-88.092866	41.820557	222.821496
point 248				-88.092837	41.820558	222.971340
point 249				-88.092839	41.820563	222.891857
point 250				-88.092866	41.820563	222.796013
point 251				-88.092866	41.820579	222.883331
point 252				-88.092840	41.820579	223.023030
point 253				-88.092840	41.820585	223.249421
point 254				-88.092867	41.820585	222.786397
point 255				-88.092867	41.820603	222.848874
point 256				-88.092840	41.820603	222.905271
point 257				-88.092840	41.820607	222.851778
point 258				-88.092867	41.820606	222.900195
point 259				-88.092868	41.820626	222.756834
point 260				-88.092840	41.820627	222.848925
point 261				-88.092841	41.820631	222.871077
point 262				-88.092867	41.820631	222.750593
point 263				-88.092867	41.820649	222.730865
point 264				-88.092841	41.820649	222.805326
point 265				-88.092841	41.820653	222.827856
point 266				-88.092869	41.820653	222.731801
point 267				-88.092870	41.820672	222.711243
point 268				-88.092843	41.820672	222.782305
point 269				-88.092842	41.820678	222.845757
point 270				-88.092869	41.820676	222.774482
point 271				-88.092872	41.820694	222.802540
point 272				-88.092844	41.820695	222.950422
point 273				-88.092845	41.820699	222.913908
point 274				-88.092873	41.820698	222.799968
point 275				-88.092875	41.820717	222.895114
point 276				-88.092847	41.820718	223.029529
point 277				-88.092848	41.820723	222.934226
point 278				-88.092873	41.820722	222.922304
point 279				-88.092874	41.820742	223.040273
point 280				-88.092849	41.820743	223.003540
point 281				-88.092849	41.820745	222.994447
point 282				-88.092875	41.820745	222.979086
point 283				-88.092876	41.820762	223.012176
point 284				-88.092850	41.820763	222.992223
point 285				-88.092850	41.820767	222.998677
point 286				-88.092878	41.820767	223.279625
point 287				-88.092879	41.820787	223.039032
point 288				-88.092850	41.820788	223.103758
point 289				-88.092802	41.820379	223.005622
point 290				-88.092828	41.820378	222.810715
point 291				-88.092830	41.820397	222.787230
point 292				-88.092803	41.820396	222.906640
point 293				-88.092802	41.820400	222.913880
point 294				-88.092829	41.820399	222.793911
point 295				-88.092831	41.820419	222.757897
point 296				-88.092803	41.820420	222.946266
point 297				-88.092804	41.820425	222.914337
point 298				-88.092831	41.820425	222.744701
point 299				-88.092831	41.820442	222.733317
point 300				-88.092803	41.820444	223.369909
point 301				-88.092803	41.820448	222.805572
point 302				-88.092828	41.820446	222.756913
point 303				-88.092829	41.820467	222.720865
point 304				-88.092803	41.820467	222.855037
point 305				-88.092804	41.820471	222.893018
point 306				-88.092830	41.820470	222.785182
point 307				-88.092831	41.820489	222.814526
point 308				-88.092805	41.820489	223.408711
point 309				-88.092805	41.820493	223.003644
point 310				-88.092830	41.820492	222.840620
point 311				-88.092831	41.820511	223.148939
point 312				-88.092805	41.820512	222.932253
point 313				-88.092804	41.820516	223.016005
point 314				-88.092830	41.820515	222.881560
point 315				-88.092831	41.820535	222.927602
point 316				-88.092805	41.820536	223.186907
point 317				-88.092805	41.820540	222.934689
point 318				-88.092833	41.820539	222.931843
point 319				-88.092831	41.820557	224.213401
point 320				-88.092807	41.820560	222.994052
point 321				-88.092808	41.820563	223.033032
point 322				-88.092834	41.820562	222.915815
point 323				-88.092835	41.820580	222.954279
point 324				-88.092809	41.820581	222.960671
point 325				-88.092808	41.820586	223.052426
point 326				-88.092835	41.820585	222.959516
point 327				-88.092834	41.820604	222.939891
point 328				-88.092806	41.820604	222.969540
point 329				-88.092807	41.820610	222.966798
point 330				-88.092832	41.820610	222.870349
point 331				-88.092833	41.820626	222.880311
point 332				-88.092809	41.820626	222.939708
point 333				-88.092807	41.820632	222.965431
point 334				-88.092834	41.820632	222.891600
point 335				-88.092835	41.820650	222.886369
point 336				-88.092809	41.820651	222.937051
point 337				-88.092810	41.820655	222.880579
point 338				-88.092838	41.820653	222.869426
point 339				-88.092840	41.820673	222.805247
point 340				-88.092812	41.820674	222.881934
point 341				-88.092812	41.820678	222.876050
point 342				-88.092839	41.820677	222.851152
point 343				-88.092841	41.820695	222.865127
point 344				-88.092813	41.820696	222.925393
point 345				-88.092814	41.820700	222.955712
point 346				-88.092840	41.820699	222.878871
point 347				-88.092842	41.820719	222.965893
point 348				-88.092816	41.820720	223.082464
point 349				-88.092816	41.820725	223.182057
point 350				-88.092843	41.820723	223.138826
point 351				-88.092845	41.820743	223.007280
point 352				-88.092819	41.820742	223.722226
point 353				-88.092820	41.820748	223.644896
point 354				-88.092847	41.820748	223.009960
point 355				-88.092847	41.820764	223.003258
point 356				-88.092821	41.820765	223.082338
point 357				-88.092821	41.820768	223.084322
point 358				-88.092847	41.820767	223.003485
point 359				-88.092848	41.820787	223.156085
point 360				-88.092828	41.820788	223.143286
point 361				-88.092771	41.820381	223.341647
point 362				-88.092798	41.820379	223.028262
point 363				-88.092798	41.820397	222.900623
point 364				-88.092772	41.820397	223.625634
point 365				-88.092772	41.820400	223.334778
point 366				-88.092797	41.820399	222.861015
point 367				-88.092799	41.820421	222.968287
point 368				-88.092773	41.820419	223.722080
point 369				-88.092772	41.820426	223.406474
point 370				-88.092798	41.820425	222.934058
point 371				-88.092799	41.820444	222.996386
point 372				-88.092772	41.820445	223.049769
point 373				-88.092772	41.820449	222.920563
point 374				-88.092799	41.820448	222.860755
point 375				-88.092800	41.820467	222.849138
point 376				-88.092773	41.820468	222.938852
point 377				-88.092772	41.820471	222.927047
point 378				-88.092800	41.820471	222.863390
point 379				-88.092802	41.820490	223.077991
point 380				-88.092773	41.820489	224.047119
point 381				-88.092772	41.820492	223.419790
point 382				-88.092800	41.820493	222.902492
point 383				-88.092799	41.820512	222.892885
point 384				-88.092773	41.820511	223.932713
point 385				-88.092772	41.820517	223.634771
point 386				-88.092800	41.820516	223.035364
point 387				-88.092800	41.820536	223.164760
point 388				-88.092773	41.820538	223.138008
point 389				-88.092774	41.820541	223.049302
point 390				-88.092803	41.820540	222.951604
point 391				-88.092803	41.820560	223.103248
point 392				-88.092775	41.820560	223.077787
point 393				-88.092775	41.820564	223.312158
point 394				-88.092803	41.820563	223.387726
point 395				-88.092805	41.820584	223.033163
point 396				-88.092776	41.820585	223.048122
point 397				-88.092777	41.820588	223.068279
point 398				-88.092804	41.820587	223.037328
point 399				-88.092803	41.820604	222.999754
point 400				-88.092779	41.820605	223.017722
point 401				-88.092778	41.820610	223.043653
point 402				-88.092803	41.820609	222.988200
point 403				-88.092805	41.820627	222.961398
point 404				-88.092779	41.820628	223.111807
point 405				-88.092779	41.820632	223.067760
point 406				-88.092805	41.820632	222.974212
point 407				-88.092806	41.820651	223.003978
point 408				-88.092780	41.820653	223.018901
point 409				-88.092781	41.820658	222.938148
point 410				-88.092806	41.820657	222.876443
point 411				-88.092808	41.820674	222.865598
point 412				-88.092782	41.820675	222.909116
point 413				-88.092781	41.820679	222.982712
point 414				-88.092808	41.820678	222.893933
point 415				-88.092809	41.820696	222.983668
point 416				-88.092782	41.820697	222.936313
point 417				-88.092783	41.820701	222.945252
point 418				-88.092810	41.820700	222.981283
point 419				-88.092811	41.820720	223.101373
point 420				-88.092785	41.820721	223.056683
point 421				-88.092784	41.820726	223.107906
point 422				-88.092812	41.820725	223.131343
point 423				-88.092814	41.820742	223.294814
point 424				-88.092787	41.820744	223.221004
point 425				-88.092788	41.820748	223.058708
point 426				-88.092817	41.820747	223.075533
point 427				-88.092818	41.820766	223.029060
point 428				-88.092791	41.820767	223.058514
point 429				-88.092791	41.820771	223.109107
point 430				-88.092818	41.820770	223.108924
point 431				-88.092821	41.820788	223.140858
point 432				-88.092791	41.820789	223.280022
point 433				-88.092738	41.820380	222.902941
point 434				-88.092767	41.820380	223.464865
point 435				-88.092768	41.820398	223.506076
point 436				-88.092739	41.820398	223.113206
point 437				-88.092739	41.820400	223.349868
point 438				-88.092768	41.820400	223.037374
point 439				-88.092769	41.820420	223.298115
point 440				-88.092740	41.820420	223.170930
point 441				-88.092742	41.820425	224.079062
point 442				-88.092768	41.820426	223.161097
point 443				-88.092769	41.820445	223.202439
point 444				-88.092740	41.820445	223.008611
point 445				-88.092740	41.820449	223.123648
point 446				-88.092769	41.820449	223.026150
point 447				-88.092770	41.820468	222.931141
point 448				-88.092742	41.820468	223.051949
point 449				-88.092742	41.820472	223.015473
point 450				-88.092769	41.820472	222.907243
point 451				-88.092769	41.820489	223.101521
point 452				-88.092743	41.820489	223.114973
point 453				-88.092743	41.820493	223.417218
point 454				-88.092770	41.820492	223.611101
point 455				-88.092770	41.820512	224.099835
point 456				-88.092744	41.820513	224.310299
point 457				-88.092744	41.820517	223.890170
point 458				-88.092771	41.820517	223.880556
point 459				-88.092771	41.820538	223.515667
point 460				-88.092742	41.820538	223.656719
point 461				-88.092744	41.820543	223.190796
point 462				-88.092771	41.820541	223.233967
point 463				-88.092773	41.820560	223.140617
point 464				-88.092746	41.820561	223.155490
point 465				-88.092746	41.820564	223.255401
point 466				-88.092772	41.820564	223.199405
point 467				-88.092772	41.820584	223.060927
point 468				-88.092747	41.820585	223.199321
point 469				-88.092747	41.820589	223.248992
point 470				-88.092773	41.820588	223.116273
point 471				-88.092774	41.820606	223.059316
point 472				-88.092748	41.820608	223.184450
point 473				-88.092747	41.820611	223.303611
point 474				-88.092773	41.820610	223.026975
point 475				-88.092775	41.820629	223.084259
point 476				-88.092744	41.820629	223.087771
point 477				-88.092745	41.820633	223.173955
point 478				-88.092775	41.820632	223.053180
point 479				-88.092775	41.820652	222.983182
point 480				-88.092748	41.820653	223.121832
point 481				-88.092749	41.820657	223.064471
point 482				-88.092776	41.820657	222.968530
point 483				-88.092778	41.820675	222.918101
point 484				-88.092750	41.820676	223.005464
point 485				-88.092750	41.820681	223.056170
point 486				-88.092778	41.820679	222.975394
point 487				-88.092779	41.820698	222.946538
point 488				-88.092752	41.820699	223.050132
point 489				-88.092754	41.820704	223.068255
point 490				-88.092780	41.820701	222.968658
point 491				-88.092780	41.820721	223.121403
point 492				-88.092756	41.820721	223.189339
point 493				-88.092755	41.820726	223.449766
point 494				-88.092781	41.820725	223.073521
point 495				-88.092782	41.820744	223.150773
point 496				-88.092756	41.820745	223.177384
point 497				-88.092758	41.820749	223.179360
point 498				-88.092784	41.820748	223.079660
point 499				-88.092786	41.820767	223.062534
point 500				-88.092760	41.820767	223.171368
point 501				-88.092761	41.820771	223.474461
point 502				-88.092786	41.820771	223.255452
point 503				-88.092787	41.820789	223.280913
point 504				-88.092761	41.820789	223.426710
point 505				-88.092710	41.820381	223.017718
point 506				-88.092735	41.820380	222.900157
point 507				-88.092736	41.820399	223.055595
point 508				-88.092710	41.820399	223.076987
point 509				-88.092710	41.820402	223.128163
point 510				-88.092736	41.820402	223.196320
point 511				-88.092737	41.820421	223.202127
point 512				-88.092712	41.820421	223.243285
point 513				-88.092711	41.820425	223.448007
point 514				-88.092736	41.820426	223.091468
point 515				-88.092736	41.820446	222.997470
point 516				-88.092711	41.820445	223.147923
point 517				-88.092711	41.820450	223.104948
point 518				-88.092737	41.820449	223.078167
point 519				-88.092738	41.820469	223.045792
point 520				-88.092712	41.820470	223.202539
point 521				-88.092712	41.820473	223.199857
point 522				-88.092738	41.820472	223.075979
point 523				-88.092740	41.820491	223.144073
point 524				-88.092712	41.820492	223.258393
point 525				-88.092712	41.820496	223.224677
point 526				-88.092739	41.820495	223.142772
point 527				-88.092739	41.820515	223.872675
point 528				-88.092713	41.820516	223.233927
point 529				-88.092712	41.820519	223.258918
point 530				-88.092739	41.820518	223.602214
point 531				-88.092739	41.820538	223.533711
point 532				-88.092715	41.820538	223.332395
point 533				-88.092714	41.820541	223.348110
point 534				-88.092739	41.820542	223.554167
point 535				-88.092741	41.820561	223.187439
point 536				-88.092715	41.820561	223.328141
point 537				-88.092715	41.820564	223.523674
point 538				-88.092742	41.820565	223.232611
point 539				-88.092743	41.820584	223.182735
point 540				-88.092716	41.820585	223.345049
point 541				-88.092716	41.820588	223.319486
point 542				-88.092744	41.820588	223.257916
point 543				-88.092744	41.820608	223.143859
point 544				-88.092716	41.820608	223.316309
point 545				-88.092717	41.820614	223.317101
point 546				-88.092742	41.820612	223.221777
point 547				-88.092741	41.820630	223.103673
point 548				-88.092717	41.820630	223.266354
point 549				-88.092717	41.820633	223.245373
point 550				-88.092742	41.820633	223.157652
point 551				-88.092744	41.820653	223.147240
point 552				-88.092718	41.820653	223.221494
point 553				-88.092718	41.820657	223.178787
point 554				-88.092745	41.820657	223.106658
point 555				-88.092746	41.820676	223.033072
point 556				-88.092719	41.820677	223.176524
point 557				-88.092719	41.820681	223.128577
point 558				-88.092746	41.820680	223.082990
point 559				-88.092746	41.820700	223.087748
point 560				-88.092720	41.820700	223.138583
point 561				-88.092722	41.820705	223.299327
point 562				-88.092748	41.820704	223.137865
point 563				-88.092749	41.820721	223.091018
point 564				-88.092723	41.820721	223.090110
point 565				-88.092724	41.820725	223.096099
point 566				-88.092750	41.820724	223.162563
point 567				-88.092752	41.820745	223.201884
point 568				-88.092725	41.820746	223.265123
point 569				-88.092725	41.820749	223.229689
point 570				-88.092751	41.820749	223.209824
point 571				-88.092754	41.820767	223.202305
point 572				-88.092725	41.820767	223.235475
point 573				-88.092729	41.820772	223.189511
point 574				-88.092755	41.820771	223.180037
point 575				-88.092757	41.820790	223.229949
point 576				-88.092731	41.820790	223.219908
point 577				-88.092678	41.820383	222.959511
point 578				-88.092706	41.820381	222.937895
point 579				-88.092706	41.820400	223.020169
point 580				-88.092680	41.820400	223.096968
point 581				-88.092680	41.820404	223.189210
point 582				-88.092706	41.820403	223.081409
point 583				-88.092708	41.820423	223.293944
point 584				-88.092679	41.820423	223.661082
point 585				-88.092677	41.820428	223.202577
point 586				-88.092707	41.820426	223.273132
point 587				-88.092707	41.820446	223.145763
point 588				-88.092679	41.820447	223.195809
point 589				-88.092678	41.820452	223.169785
point 590				-88.092707	41.820450	223.215900
point 591				-88.092708	41.820470	223.144401
point 592				-88.092680	41.820471	223.302302
point 593				-88.092680	41.820475	223.210027
point 594				-88.092708	41.820473	223.154316
point 595				-88.092708	41.820492	223.186478
point 596				-88.092681	41.820493	223.225678
point 597				-88.092680	41.820496	223.282328
point 598				-88.092708	41.820496	223.286282
point 599				-88.092709	41.820516	223.234611
point 600				-88.092683	41.820516	223.512298
point 601				-88.092683	41.820520	223.480371
point 602				-88.092709	41.820519	223.279779
point 603				-88.092711	41.820538	223.308349
point 604				-88.092685	41.820538	223.409852
point 605				-88.092684	41.820541	223.397249
point 606				-88.092711	41.820542	223.297715
point 607				-88.092710	41.820561	223.465934
point 608				-88.092683	41.820562	223.432872
point 609				-88.092682	41.820565	223.456241
point 610				-88.092710	41.820563	224.092514
point 611				-88.092712	41.820585	223.394646
point 612				-88.092681	41.820585	223.568538
point 613				-88.092686	41.820589	223.456539
point 614				-88.092712	41.820589	223.361506
point 615				-88.092713	41.820608	223.301841
point 616				-88.092685	41.820609	223.391188
point 617				-88.092685	41.820612	223.359945
point 618				-88.092713	41.820611	223.290385
point 619				-88.092712	41.820630	223.333631
point 620				-88.092685	41.820630	223.325128
point 621				-88.092687	41.820634	223.351254
point 622				-88.092713	41.820633	223.278176
point 623				-88.092714	41.820653	223.192208
point 624				-88.092687	41.820653	223.314018
point 625				-88.092689	41.820658	223.274430
point 626				-88.092714	41.820657	223.255459
point 627				-88.092714	41.820676	223.184542
point 628				-88.092690	41.820675	223.215691
point 629				-88.092691	41.820680	223.172757
point 630				-88.092716	41.820681	223.140570
point 631				-88.092716	41.820700	223.176857
point 632				-88.092691	41.820699	223.150334
point 633				-88.092692	41.820704	223.170257
point 634				-88.092716	41.820703	223.475393
point 635				-88.092718	41.820722	223.172077
point 636				-88.092693	41.820723	223.210180
point 637				-88.092694	41.820726	223.184425
point 638				-88.092720	41.820725	223.162155
point 639				-88.092720	41.820746	223.206099
point 640				-88.092694	41.820746	223.264461
point 641				-88.092696	41.820750	223.211589
point 642				-88.092720	41.820750	223.180095
point 643				-88.092721	41.820767	223.213401
point 644				-88.092696	41.820768	223.266546
point 645				-88.092696	41.820771	223.257272
point 646				-88.092724	41.820771	223.183442
point 647				-88.092725	41.820791	223.223556
point 648				-88.092696	41.820790	223.311479
point 649				-88.092644	41.820382	223.269925
point 650				-88.092672	41.820382	223.053634
point 651				-88.092674	41.820402	223.166361
point 652				-88.092646	41.820402	223.359932
point 653				-88.092647	41.820405	223.175859
point 654				-88.092674	41.820404	223.116254
point 655				-88.092674	41.820423	223.234825
point 656				-88.092649	41.820423	223.200171
point 657				-88.092649	41.820428	223.204311
point 658				-88.092674	41.820427	223.146032
point 659				-88.092675	41.820447	223.172474
point 660				-88.092649	41.820447	223.447234
point 661				-88.092649	41.820452	223.437363
point 662				-88.092674	41.820452	223.209969
point 663				-88.092675	41.820471	223.305573
point 664				-88.092651	41.820470	223.409454
point 665				-88.092651	41.820475	223.406438
point 666				-88.092675	41.820474	223.643250
point 667				-88.092676	41.820492	223.244245
point 668				-88.092652	41.820493	223.529230
point 669				-88.092652	41.820497	223.474863
point 670				-88.092676	41.820496	223.425869
point 671				-88.092678	41.820516	224.003961
point 672				-88.092653	41.820516	224.195815
point 673				-88.092653	41.820519	223.794179
point 674				-88.092678	41.820520	223.656090
point 675				-88.092679	41.820538	223.381519
point 676				-88.092655	41.820540	223.555024
point 677				-88.092655	41.820544	223.452959
point 678				-88.092680	41.820542	223.428134
point 679				-88.092680	41.820562	223.427784
point 680				-88.092655	41.820563	223.456418
point 681				-88.092655	41.820565	223.457596
point 682				-88.092680	41.820565	223.417743
point 683				-88.092679	41.820586	223.447205
point 684				-88.092654	41.820587	223.456255
point 685				-88.092654	41.820589	223.471973
point 686				-88.092680	41.820589	223.438933
point 687				-88.092682	41.820609	223.386887
point 688				-88.092655	41.820608	223.411006
point 689				-88.092657	41.820613	223.393819
point 690				-88.092682	41.820612	223.354903
point 691				-88.092681	41.820630	223.321610
point 692				-88.092657	41.820631	223.422646
point 693				-88.092657	41.820635	223.388124
point 694				-88.092682	41.820634	223.335484
point 695				-88.092684	41.820654	223.336696
point 696				-88.092658	41.820656	223.434487
point 697				-88.092658	41.820659	223.357440
point 698				-88.092684	41.820658	223.278577
point 699				-88.092685	41.820675	223.218421
point 700				-88.092659	41.820677	223.361012
point 701				-88.092659	41.820681	223.323185
point 702				-88.092686	41.820680	223.237871
point 703				-88.092687	41.820700	223.126098
point 704				-88.092660	41.820700	223.324587
point 705				-88.092660	41.820704	223.279208
point 706				-88.092688	41.820704	223.173447
point 707				-88.092689	41.820723	223.161240
point 708				-88.092661	41.820725	223.281852
point 709				-88.092662	41.820728	223.268957
point 710				-88.092691	41.820727	223.150400
point 711				-88.092691	41.820746	223.239790
point 712				-88.092666	41.820748	223.271550
point 713				-88.092667	41.820751	223.289131
point 714				-88.092690	41.820750	223.258985
point 715				-88.092666	41.820769	223.286267
point 716				-88.092691	41.820768	223.267710
point 717				-88.092666	41.820775	223.318325
point 718				-88.092690	41.820773	223.292937
point 719				-88.092692	41.820791	223.271825
point 720				-88.092668	41.820792	223.372951
point 721				-88.092615	41.820383	223.143078
point 722				-88.092639	41.820382	223.231960
point 723				-88.092641	41.820403	223.318659
point 724				-88.092617	41.820405	223.231109
point 725				-88.092616	41.820408	223.271596
point 726				-88.092641	41.820406	223.358458
point 727				-88.092645	41.820426	223.199145
point 728				-88.092620	41.820427	223.374526
point 729				-88.092620	41.820431	223.281545
point 730				-88.092644	41.820429	223.203055
point 731				-88.092645	41.820447	223.249400
point 732				-88.092620	41.820447	223.291962
point 733				-88.092621	41.820452	223.339395
point 734				-88.092644	41.820452	223.242698
point 735				-88.092644	41.820470	223.286015
point 736				-88.092621	41.820471	223.357042
point 737				-88.092621	41.820475	223.400768
point 738				-88.092645	41.820475	223.313808
point 739				-88.092647	41.820493	223.463724
point 740				-88.092620	41.820494	223.441169
point 741				-88.092620	41.820499	223.532976
point 742				-88.092647	41.820498	223.381253
point 743				-88.092648	41.820517	223.647972
point 744				-88.092620	41.820517	223.643148
point 745				-88.092620	41.820521	223.602357
point 746				-88.092648	41.820520	223.632847
point 747				-88.092649	41.820540	223.710668
point 748				-88.092621	41.820541	223.583168
point 749				-88.092620	41.820545	223.567713
point 750				-88.092649	41.820544	223.462178
point 751				-88.092650	41.820563	223.463949
point 752				-88.092622	41.820564	223.583425
point 753				-88.092623	41.820567	223.554015
point 754				-88.092650	41.820566	223.459758
point 755				-88.092650	41.820586	223.429829
point 756				-88.092624	41.820586	223.515938
point 757				-88.092625	41.820591	223.484481
point 758				-88.092649	41.820590	223.461356
point 759				-88.092651	41.820609	223.403347
point 760				-88.092626	41.820608	223.509871
point 761				-88.092626	41.820614	223.890734
point 762				-88.092651	41.820614	223.425524
point 763				-88.092653	41.820632	223.419326
point 764				-88.092626	41.820633	223.473664
point 765				-88.092627	41.820637	223.482280
point 766				-88.092652	41.820636	223.399427
point 767				-88.092654	41.820656	223.429410
point 768				-88.092627	41.820655	223.475922
point 769				-88.092627	41.820659	223.542568
point 770				-88.092653	41.820659	223.409067
point 771				-88.092655	41.820677	223.337543
point 772				-88.092628	41.820679	223.445020
point 773				-88.092628	41.820684	223.387499
point 774				-88.092656	41.820682	223.309921
point 775				-88.092656	41.820701	223.286350
point 776				-88.092629	41.820702	223.362901
point 777				-88.092629	41.820706	223.408980
point 778				-88.092656	41.820705	223.294151
point 779				-88.092658	41.820725	223.276684
point 780				-88.092631	41.820726	223.319266
point 781				-88.092631	41.820728	223.321888
point 782				-88.092659	41.820728	223.326770
point 783				-88.092662	41.820748	223.300798
point 784				-88.092636	41.820750	223.406792
point 785				-88.092636	41.820753	223.392187
point 786				-88.092661	41.820752	223.354626
point 787				-88.092662	41.820770	223.276647
point 788				-88.092638	41.820772	223.329799
point 789				-88.092637	41.820777	223.344344
point 790				-88.092662	41.820774	223.363501
point 791				-88.092664	41.820792	223.296162
point 792				-88.092639	41.820794	223.339999
point 793				-88.092582	41.820384	223.114248
point 794				-88.092609	41.820383	223.312810
point 795				-88.092610	41.820404	223.245394
point 796				-88.092584	41.820405	223.422147
point 797				-88.092585	41.820409	223.290887
point 798				-88.092610	41.820408	223.263123
point 799				-88.092615	41.820427	223.448128
point 800				-88.092587	41.820428	223.352010
point 801				-88.092588	41.820431	223.396517
point 802				-88.092615	41.820431	223.384251
point 803				-88.092615	41.820449	223.352454
point 804				-88.092588	41.820450	223.417552
point 805				-88.092588	41.820453	223.350014
point 806				-88.092616	41.820453	223.329300
point 807				-88.092616	41.820473	223.419268
point 808				-88.092588	41.820472	223.710184
point 809				-88.092588	41.820476	223.440464
point 810				-88.092614	41.820476	223.387079
point 811				-88.092615	41.820495	223.419904
point 812				-88.092589	41.820496	223.552699
point 813				-88.092589	41.820501	223.732562
point 814				-88.092614	41.820499	223.447084
point 815				-88.092615	41.820519	223.503176
point 816				-88.092590	41.820519	223.645730
point 817				-88.092589	41.820523	223.585641
point 818				-88.092614	41.820521	223.611659
point 819				-88.092615	41.820541	223.587340
point 820				-88.092590	41.820542	223.890722
point 821				-88.092591	41.820547	223.626042
point 822				-88.092617	41.820545	223.541688
point 823				-88.092618	41.820565	223.552958
point 824				-88.092593	41.820565	223.603317
point 825				-88.092594	41.820569	223.619761
point 826				-88.092618	41.820567	223.549524
point 827				-88.092621	41.820588	223.511739
point 828				-88.092595	41.820589	223.637235
point 829				-88.092593	41.820592	223.607107
point 830				-88.092621	41.820591	223.503951
point 831				-88.092622	41.820608	223.528547
point 832				-88.092594	41.820610	223.607428
point 833				-88.092593	41.820615	223.609334
point 834				-88.092621	41.820613	223.593996
point 835				-88.092623	41.820633	223.469475
point 836				-88.092593	41.820634	223.596698
point 837				-88.092594	41.820638	223.606799
point 838				-88.092622	41.820637	223.473328
point 839				-88.092623	41.820656	223.517570
point 840				-88.092594	41.820657	223.531744
point 841				-88.092595	41.820661	223.490956
point 842				-88.092622	41.820659	224.030679
point 843				-88.092624	41.820679	223.419099
point 844				-88.092595	41.820680	223.466461
point 845				-88.092594	41.820683	223.467341
point 846				-88.092624	41.820683	223.398412
point 847				-88.092625	41.820702	223.343789
point 848				-88.092595	41.820702	223.518597
point 849				-88.092597	41.820708	223.461585
point 850				-88.092625	41.820706	223.373914
point 851				-88.092626	41.820725	223.342583
point 852				-88.092600	41.820725	223.496485
point 853				-88.092599	41.820729	223.605604
point 854				-88.092627	41.820728	223.337100
point 855				-88.092630	41.820750	223.827683
point 856				-88.092602	41.820752	223.579496
point 857				-88.092603	41.820756	223.500743
point 858				-88.092631	41.820753	223.511492
point 859				-88.092633	41.820771	223.355134
point 860				-88.092604	41.820773	223.392941
point 861				-88.092607	41.820778	223.445610
point 862				-88.092634	41.820777	223.328753
point 863				-88.092635	41.820794	223.365056
point 864				-88.092610	41.820796	223.390222
point 865				-88.092553	41.820386	223.114640
point 866				-88.092580	41.820384	223.120273
point 867				-88.092581	41.820406	223.279033
point 868				-88.092555	41.820406	223.268981
point 869				-88.092553	41.820409	223.247469
point 870				-88.092582	41.820409	223.245864
point 871				-88.092583	41.820429	223.290406
point 872				-88.092554	41.820429	223.272731
point 873				-88.092554	41.820433	223.393844
point 874				-88.092583	41.820432	223.339323
point 875				-88.092583	41.820450	223.369816
point 876				-88.092556	41.820451	223.409422
point 877				-88.092556	41.820454	223.365917
point 878				-88.092582	41.820453	223.323268
point 879				-88.092583	41.820472	223.451482
point 880				-88.092557	41.820472	223.430251
point 881				-88.092557	41.820477	223.441806
point 882				-88.092584	41.820476	223.394425
point 883				-88.092585	41.820496	223.572848
point 884				-88.092557	41.820497	223.557704
point 885				-88.092559	41.820502	223.597991
point 886				-88.092584	41.820501	223.675643
point 887				-88.092585	41.820520	223.702571
point 888				-88.092562	41.820521	223.652935
point 889				-88.092562	41.820524	223.805513
point 890				-88.092585	41.820523	223.638459
point 891				-88.092586	41.820543	223.900619
point 892				-88.092564	41.820545	223.816171
point 893				-88.092561	41.820548	223.778283
point 894				-88.092588	41.820546	223.640726
point 895				-88.092590	41.820566	223.615444
point 896				-88.092562	41.820567	223.853917
point 897				-88.092561	41.820571	223.739498
point 898				-88.092589	41.820569	223.612277
point 899				-88.092590	41.820589	223.655987
point 900				-88.092562	41.820590	223.683013
point 901				-88.092561	41.820592	223.724507
point 902				-88.092589	41.820592	223.644389
point 903				-88.092589	41.820610	223.660519
point 904				-88.092561	41.820611	223.896167
point 905				-88.092561	41.820615	223.696024
point 906				-88.092588	41.820615	223.669718
point 907				-88.092588	41.820633	223.598279
point 908				-88.092561	41.820632	223.859549
point 909				-88.092561	41.820637	223.818523
point 910				-88.092589	41.820638	223.624899
point 911				-88.092589	41.820657	223.637223
point 912				-88.092563	41.820657	223.971276
point 913				-88.092565	41.820662	223.633962
point 914				-88.092589	41.820661	223.527000
point 915				-88.092591	41.820681	223.492640
point 916				-88.092566	41.820681	223.585577
point 917				-88.092567	41.820686	223.523469
point 918				-88.092590	41.820684	223.487767
point 919				-88.092592	41.820703	223.488884
point 920				-88.092567	41.820704	223.512373
point 921				-88.092567	41.820709	223.541633
point 922				-88.092593	41.820709	223.472267
point 923				-88.092595	41.820726	223.568584
point 924				-88.092571	41.820728	223.522403
point 925				-88.092571	41.820731	223.443353
point 926				-88.092596	41.820730	223.488594
point 927				-88.092598	41.820751	223.507176
point 928				-88.092574	41.820752	223.490178
point 929				-88.092574	41.820755	223.540565
point 930				-88.092599	41.820754	223.517454
point 931				-88.092600	41.820772	223.425681
point 932				-88.092575	41.820772	223.444342
point 933				-88.092575	41.820776	223.440656
point 934				-88.092601	41.820776	223.433852
point 935				-88.092603	41.820795	223.491330
point 936				-88.092575	41.820795	223.468878
point 937				-88.092522	41.820386	223.209557
point 938				-88.092546	41.820386	223.156469
point 939				-88.092548	41.820407	223.249494
point 940				-88.092523	41.820407	223.289854
point 941				-88.092523	41.820410	223.263261
point 942				-88.092549	41.820410	223.227483
point 943				-88.092551	41.820430	223.273501
point 944				-88.092523	41.820430	223.348719
point 945				-88.092522	41.820433	223.339198
point 946				-88.092551	41.820433	223.363585
point 947				-88.092552	41.820452	223.380777
point 948				-88.092523	41.820452	223.452515
point 949				-88.092525	41.820456	223.511706
point 950				-88.092551	41.820454	223.390237
point 951				-88.092554	41.820473	223.446356
point 952				-88.092528	41.820475	223.528442
point 953				-88.092528	41.820479	223.556512
point 954				-88.092553	41.820478	223.441702
point 955				-88.092550	41.820498	223.591620
point 956				-88.092529	41.820500	223.667975
point 957				-88.092528	41.820503	224.342611
point 958				-88.092554	41.820502	223.696040
point 959				-88.092557	41.820521	223.639376
point 960				-88.092530	41.820522	223.766321
point 961				-88.092530	41.820527	223.800835
point 962				-88.092558	41.820525	223.622526
point 963				-88.092559	41.820545	223.763691
point 964				-88.092530	41.820545	223.876230
point 965				-88.092530	41.820548	224.158267
point 966				-88.092558	41.820549	223.768256
point 967				-88.092557	41.820569	223.844028
point 968				-88.092529	41.820569	224.016062
point 969				-88.092530	41.820573	223.765851
point 970				-88.092556	41.820572	223.750378
point 971				-88.092556	41.820589	223.699590
point 972				-88.092531	41.820590	223.738233
point 973				-88.092531	41.820593	223.867990
point 974				-88.092558	41.820594	223.712359
point 975				-88.092557	41.820614	223.751535
point 976				-88.092532	41.820616	223.955982
point 977				-88.092531	41.820620	223.822420
point 978				-88.092558	41.820620	223.780273
point 979				-88.092558	41.820635	223.691673
point 980				-88.092531	41.820636	223.879544
point 981				-88.092531	41.820641	223.755538
point 982				-88.092557	41.820640	223.816139
point 983				-88.092559	41.820659	223.843421
point 984				-88.092532	41.820660	223.791224
point 985				-88.092532	41.820663	223.722683
point 986				-88.092561	41.820663	223.732650
point 987				-88.092562	41.820681	223.597169
point 988				-88.092536	41.820684	223.590824
point 989				-88.092537	41.820688	223.574029
point 990				-88.092563	41.820686	223.527963
point 991				-88.092564	41.820704	223.540039
point 992				-88.092539	41.820705	223.543804
point 993				-88.092538	41.820710	223.566692
point 994				-88.092564	41.820709	223.518454
point 995				-88.092566	41.820728	223.483078
point 996				-88.092540	41.820728	223.512985
point 997				-88.092540	41.820732	223.475730
point 998				-88.092566	41.820732	223.449933
point 999				-88.092568	41.820751	223.518514
point 1000				-88.092541	41.820752	223.506586
point 1001				-88.092541	41.820755	223.527572
point 1002				-88.092568	41.820755	223.596085
point 1003				-88.092569	41.820773	223.481958
point 1004				-88.092542	41.820774	223.578616
point 1005				-88.092542	41.820779	223.506882
point 1006				-88.092568	41.820777	223.447478
point 1007				-88.092571	41.820797	223.473310
point 1008				-88.092544	41.820798	223.525844
point 1009				-88.092493	41.820386	223.259418
point 1010				-88.092518	41.820386	223.206838
point 1011				-88.092517	41.820407	223.280900
point 1012				-88.092493	41.820405	223.291988
point 1013				-88.092492	41.820410	223.262263
point 1014				-88.092519	41.820411	223.267377
point 1015				-88.092520	41.820429	223.328182
point 1016				-88.092493	41.820429	223.560200
point 1017				-88.092493	41.820435	223.377804
point 1018				-88.092519	41.820435	223.346132
point 1019				-88.092520	41.820452	223.407485
point 1020				-88.092493	41.820451	223.437337
point 1021				-88.092495	41.820457	223.502459
point 1022				-88.092520	41.820456	223.510736
point 1023				-88.092522	41.820476	224.234631
point 1024				-88.092496	41.820477	223.689637
point 1025				-88.092496	41.820480	223.654880
point 1026				-88.092524	41.820480	223.530603
point 1027				-88.092525	41.820501	223.709157
point 1028				-88.092498	41.820500	224.234671
point 1029				-88.092499	41.820507	224.656683
point 1030				-88.092524	41.820505	224.484053
point 1031				-88.092525	41.820522	224.073059
point 1032				-88.092499	41.820524	224.543170
point 1033				-88.092497	41.820529	223.905637
point 1034				-88.092521	41.820528	223.975516
point 1035				-88.092522	41.820545	224.025007
point 1036				-88.092497	41.820546	223.824453
point 1037				-88.092497	41.820550	223.867436
point 1038				-88.092524	41.820548	224.327219
point 1039				-88.092526	41.820570	223.792263
point 1040				-88.092497	41.820571	224.070935
point 1041				-88.092497	41.820573	223.850040
point 1042				-88.092524	41.820573	223.752737
point 1043				-88.092527	41.820591	223.849936
point 1044				-88.092501	41.820592	223.807360
point 1045				-88.092501	41.820594	223.886968
point 1046				-88.092526	41.820593	224.288832
point 1047				-88.092528	41.820616	223.986339
point 1048				-88.092501	41.820616	224.268679
point 1049				-88.092502	41.820622	223.921554
point 1050				-88.092526	41.820621	223.843856
point 1051				-88.092526	41.820638	223.883051
point 1052				-88.092503	41.820639	223.910583
point 1053				-88.092501	41.820643	223.752376
point 1054				-88.092526	41.820642	223.797971
point 1055				-88.092527	41.820659	223.806847
point 1056				-88.092502	41.820660	223.695043
point 1057				-88.092503	41.820664	223.729609
point 1058				-88.092528	41.820664	223.755730
point 1059				-88.092530	41.820685	223.609179
point 1060				-88.092505	41.820686	223.729158
point 1061				-88.092505	41.820691	223.693550
point 1062				-88.092530	41.820689	223.701632
point 1063				-88.092533	41.820705	223.561558
point 1064				-88.092505	41.820707	223.796986
point 1065				-88.092506	41.820712	223.599641
point 1066				-88.092533	41.820710	223.554607
point 1067				-88.092535	41.820730	223.498284
point 1068				-88.092507	41.820731	223.604303
point 1069				-88.092508	41.820734	223.573361
point 1070				-88.092536	41.820732	223.514729
point 1071				-88.092538	41.820753	223.539037
point 1072				-88.092511	41.820753	223.541547
point 1073				-88.092511	41.820756	223.564351
point 1074				-88.092537	41.820755	223.516613
point 1075				-88.092537	41.820775	223.485970
point 1076				-88.092513	41.820776	223.511707
point 1077				-88.092513	41.820780	223.529117
point 1078				-88.092537	41.820779	223.531696
point 1079				-88.092541	41.820799	223.532937
point 1080				-88.092515	41.820800	223.549357
point 1081				-88.092463	41.820386	223.263917
point 1082				-88.092489	41.820386	223.102780
point 1083				-88.092489	41.820406	223.290108
point 1084				-88.092462	41.820408	223.708248
point 1085				-88.092462	41.820411	223.406453
point 1086				-88.092490	41.820411	223.293022
point 1087				-88.092489	41.820432	224.147956
point 1088				-88.092463	41.820432	223.613955
point 1089				-88.092463	41.820434	223.641424
point 1090				-88.092490	41.820435	223.721179
point 1091				-88.092490	41.820452	223.476886
point 1092				-88.092464	41.820453	224.278962
point 1093				-88.092464	41.820458	223.762775
point 1094				-88.092491	41.820457	223.455965
point 1095				-88.092492	41.820477	223.638436
point 1096				-88.092465	41.820477	223.579619
point 1097				-88.092465	41.820481	224.102274
point 1098				-88.092492	41.820480	223.749751
point 1099				-88.092494	41.820500	223.976489
point 1100				-88.092465	41.820502	223.752277
point 1101				-88.092465	41.820506	223.719064
point 1102				-88.092491	41.820506	223.794494
point 1103				-88.092493	41.820525	223.964024
point 1104				-88.092466	41.820525	224.000617
point 1105				-88.092466	41.820529	224.022955
point 1106				-88.092492	41.820529	223.946520
point 1107				-88.092493	41.820547	223.915945
point 1108				-88.092464	41.820547	224.007913
point 1109				-88.092465	41.820551	223.900013
point 1110				-88.092493	41.820550	223.866970
point 1111				-88.092493	41.820570	224.025131
point 1112				-88.092466	41.820570	223.939542
point 1113				-88.092467	41.820575	223.945328
point 1114				-88.092493	41.820573	223.883673
point 1115				-88.092495	41.820592	223.837317
point 1116				-88.092469	41.820592	223.892810
point 1117				-88.092469	41.820596	223.807377
point 1118				-88.092495	41.820595	223.839540
point 1119				-88.092496	41.820618	223.864025
point 1120				-88.092469	41.820617	223.886308
point 1121				-88.092469	41.820620	223.902374
point 1122				-88.092496	41.820621	223.932479
point 1123				-88.092498	41.820639	223.819033
point 1124				-88.092469	41.820639	223.948764
point 1125				-88.092469	41.820642	223.801912
point 1126				-88.092498	41.820643	223.737735
point 1127				-88.092498	41.820661	223.668193
point 1128				-88.092468	41.820662	223.832354
point 1129				-88.092470	41.820667	223.882647
point 1130				-88.092500	41.820665	223.778551
point 1131				-88.092501	41.820687	224.322227
point 1132				-88.092472	41.820689	223.735886
point 1133				-88.092471	41.820692	223.717373
point 1134				-88.092501	41.820691	223.712994
point 1135				-88.092500	41.820707	224.356370
point 1136				-88.092475	41.820708	223.643884
point 1137				-88.092476	41.820712	223.619949
point 1138				-88.092503	41.820712	223.650593
point 1139				-88.092504	41.820730	223.573707
point 1140				-88.092476	41.820731	223.621171
point 1141				-88.092476	41.820733	223.715885
point 1142				-88.092505	41.820734	223.628145
point 1143				-88.092506	41.820752	223.583561
point 1144				-88.092477	41.820753	223.587955
point 1145				-88.092481	41.820757	223.592596
point 1146				-88.092508	41.820756	223.607313
point 1147				-88.092509	41.820775	223.532639
point 1148				-88.092483	41.820777	223.558616
point 1149				-88.092482	41.820781	223.534595
point 1150				-88.092510	41.820780	223.620479
point 1151				-88.092510	41.820801	223.520425
point 1152				-88.092484	41.820802	223.556405
point 1153				-88.092430	41.820387	223.204767
point 1154				-88.092459	41.820387	223.207849
point 1155				-88.092459	41.820408	223.455223
point 1156				-88.092430	41.820409	223.316339
point 1157				-88.092430	41.820411	223.324142
point 1158				-88.092459	41.820412	223.360009
point 1159				-88.092460	41.820432	223.630490
point 1160				-88.092431	41.820433	223.652517
point 1161				-88.092431	41.820437	223.511773
point 1162				-88.092459	41.820437	223.594530
point 1163				-88.092460	41.820455	223.776407
point 1164				-88.092433	41.820455	223.562319
point 1165				-88.092433	41.820459	223.509197
point 1166				-88.092461	41.820458	223.944522
point 1167				-88.092461	41.820478	223.565599
point 1168				-88.092435	41.820478	223.581580
point 1169				-88.092434	41.820481	223.640022
point 1170				-88.092460	41.820481	223.672708
point 1171				-88.092462	41.820503	223.687145
point 1172				-88.092436	41.820504	223.866526
point 1173				-88.092435	41.820507	223.674783
point 1174				-88.092460	41.820506	223.728862
point 1175				-88.092463	41.820525	223.979726
point 1176				-88.092436	41.820526	223.735715
point 1177				-88.092436	41.820527	223.789078
point 1178				-88.092462	41.820528	224.109602
point 1179				-88.092462	41.820549	223.909826
point 1180				-88.092437	41.820549	223.987805
point 1181				-88.092436	41.820552	224.117401
point 1182				-88.092463	41.820551	223.921054
point 1183				-88.092463	41.820571	223.918729
point 1184				-88.092437	41.820572	224.003173
point 1185				-88.092437	41.820576	223.958803
point 1186				-88.092463	41.820575	223.938197
point 1187				-88.092464	41.820593	223.879601
point 1188				-88.092439	41.820593	223.946803
point 1189				-88.092439	41.820597	223.957514
point 1190				-88.092464	41.820597	223.842967
point 1191				-88.092463	41.820615	223.966532
point 1192				-88.092438	41.820617	223.949962
point 1193				-88.092437	41.820620	223.965161
point 1194				-88.092465	41.820619	223.907204
point 1195				-88.092465	41.820639	224.023925
point 1196				-88.092439	41.820640	223.888762
point 1197				-88.092438	41.820643	223.787321
point 1198				-88.092465	41.820642	223.815261
point 1199				-88.092466	41.820662	223.931257
point 1200				-88.092441	41.820663	223.795440
point 1201				-88.092439	41.820666	223.814961
point 1202				-88.092467	41.820666	223.908816
point 1203				-88.092467	41.820689	223.741168
point 1204				-88.092439	41.820688	223.801637
point 1205				-88.092443	41.820691	223.740264
point 1206				-88.092468	41.820692	223.784811
point 1207				-88.092469	41.820708	223.637157
point 1208				-88.092447	41.820709	223.696212
point 1209				-88.092445	41.820712	223.706016
point 1210				-88.092471	41.820712	223.653428
point 1211				-88.092473	41.820731	223.590804
point 1212				-88.092446	41.820733	223.692511
point 1213				-88.092447	41.820735	223.698866
point 1214				-88.092472	41.820734	223.646479
point 1215				-88.092476	41.820753	223.592436
point 1216				-88.092449	41.820754	223.671724
point 1217				-88.092450	41.820757	223.739355
point 1218				-88.092477	41.820756	223.622116
point 1219				-88.092479	41.820777	223.553857
point 1220				-88.092452	41.820778	223.589282
point 1221				-88.092453	41.820782	223.510808
point 1222				-88.092479	41.820781	223.528058
point 1223				-88.092480	41.820801	223.538123
point 1224				-88.092457	41.820800	223.565494
point 1225				-88.092400	41.820389	223.157708
point 1226				-88.092427	41.820389	223.171193
point 1227				-88.092427	41.820410	223.312398
point 1228				-88.092403	41.820410	223.217327
point 1229				-88.092401	41.820413	223.238287
point 1230				-88.092428	41.820413	223.336985
point 1231				-88.092428	41.820433	223.501801
point 1232				-88.092401	41.820433	223.390942
point 1233				-88.092401	41.820436	223.639698
point 1234				-88.092428	41.820437	223.470554
point 1235				-88.092428	41.820457	223.482604
point 1236				-88.092401	41.820457	223.513132
point 1237				-88.092400	41.820460	223.489733
point 1238				-88.092429	41.820460	223.489167
point 1239				-88.092430	41.820479	223.589102
point 1240				-88.092402	41.820480	223.642834
point 1241				-88.092402	41.820483	223.726107
point 1242				-88.092429	41.820482	223.621191
point 1243				-88.092429	41.820504	223.700186
point 1244				-88.092403	41.820505	223.738351
point 1245				-88.092403	41.820508	223.741810
point 1246				-88.092432	41.820507	223.689196
point 1247				-88.092433	41.820526	223.757294
point 1248				-88.092406	41.820527	223.930793
point 1249				-88.092405	41.820530	223.911719
point 1250				-88.092434	41.820529	223.782512
point 1251				-88.092433	41.820550	224.030422
point 1252				-88.092408	41.820551	223.859655
point 1253				-88.092407	41.820555	223.953814
point 1254				-88.092435	41.820554	223.977446
point 1255				-88.092433	41.820573	224.040063
point 1256				-88.092406	41.820572	224.234916
point 1257				-88.092406	41.820575	224.001536
point 1258				-88.092433	41.820576	224.041421
point 1259				-88.092434	41.820595	224.145694
point 1260				-88.092407	41.820595	224.277393
point 1261				-88.092406	41.820598	224.314151
point 1262				-88.092436	41.820597	223.988105
point 1263				-88.092436	41.820618	223.932268
point 1264				-88.092407	41.820618	224.048400
point 1265				-88.092408	41.820621	223.894528
point 1266				-88.092436	41.820620	223.924550
point 1267				-88.092436	41.820639	223.817658
point 1268				-88.092410	41.820640	223.870583
point 1269				-88.092408	41.820643	223.860931
point 1270				-88.092436	41.820643	223.799723
point 1271				-88.092436	41.820662	223.783443
point 1272				-88.092408	41.820664	223.863411
point 1273				-88.092410	41.820668	223.787022
point 1274				-88.092436	41.820667	223.851585
point 1275				-88.092437	41.820690	223.894233
point 1276				-88.092413	41.820690	223.773595
point 1277				-88.092413	41.820692	223.785602
point 1278				-88.092437	41.820691	223.899143
point 1279				-88.092442	41.820710	223.743809
point 1280				-88.092414	41.820711	223.753967
point 1281				-88.092414	41.820714	223.750932
point 1282				-88.092442	41.820713	223.736466
point 1283				-88.092444	41.820733	223.693963
point 1284				-88.092415	41.820734	223.647113
point 1285				-88.092415	41.820737	223.644395
point 1286				-88.092443	41.820736	223.666385
point 1287				-88.092446	41.820755	223.681548
point 1288				-88.092417	41.820755	223.625726
point 1289				-88.092417	41.820757	223.625485
point 1290				-88.092447	41.820757	223.781313
point 1291				-88.092450	41.820779	223.563188
point 1292				-88.092421	41.820779	223.642236
point 1293				-88.092423	41.820783	223.546844
point 1294				-88.092450	41.820782	223.508188
point 1295				-88.092454	41.820802	223.626608
point 1296				-88.092427	41.820804	223.682455
point 1297				-88.092367	41.820392	223.174889
point 1298				-88.092395	41.820390	223.153263
point 1299				-88.092398	41.820411	223.224103
point 1300				-88.092370	41.820412	223.187398
point 1301				-88.092369	41.820417	223.240152
point 1302				-88.092398	41.820415	223.247258
point 1303				-88.092398	41.820433	223.380997
point 1304				-88.092371	41.820435	223.356876
point 1305				-88.092370	41.820436	223.360710
point 1306				-88.092398	41.820436	223.471469
point 1307				-88.092397	41.820457	223.489690
point 1308				-88.092370	41.820457	223.424098
point 1309				-88.092370	41.820461	223.439645
point 1310				-88.092397	41.820460	223.490653
point 1311				-88.092399	41.820480	223.586097
point 1312				-88.092372	41.820479	224.014322
point 1313				-88.092372	41.820482	224.684932
point 1314				-88.092399	41.820483	223.662819
point 1315				-88.092400	41.820505	223.714218
point 1316				-88.092371	41.820505	224.150672
point 1317				-88.092371	41.820508	224.050771
point 1318				-88.092400	41.820508	223.742977
point 1319				-88.092400	41.820527	224.172752
point 1320				-88.092372	41.820527	223.839692
point 1321				-88.092373	41.820530	223.911772
point 1322				-88.092403	41.820530	224.103553
point 1323				-88.092404	41.820552	223.874297
point 1324				-88.092375	41.820551	223.811848
point 1325				-88.092375	41.820553	223.844090
point 1326				-88.092402	41.820555	223.872597
point 1327				-88.092401	41.820573	224.134040
point 1328				-88.092375	41.820574	223.941123
point 1329				-88.092374	41.820578	224.000171
point 1330				-88.092402	41.820576	224.029597
point 1331				-88.092403	41.820596	224.178955
point 1332				-88.092376	41.820597	224.008255
point 1333				-88.092377	41.820600	223.975479
point 1334				-88.092403	41.820599	224.196688
point 1335				-88.092404	41.820618	223.987174
point 1336				-88.092377	41.820618	224.002954
point 1337				-88.092376	41.820622	223.933931
point 1338				-88.092405	41.820622	223.926603
point 1339				-88.092406	41.820641	223.862145
point 1340				-88.092377	41.820642	223.984472
point 1341				-88.092378	41.820645	223.924472
point 1342				-88.092406	41.820644	223.925959
point 1343				-88.092407	41.820665	223.822707
point 1344				-88.092379	41.820665	223.841157
point 1345				-88.092379	41.820668	223.843130
point 1346				-88.092405	41.820668	223.823300
point 1347				-88.092408	41.820689	223.756851
point 1348				-88.092380	41.820689	223.787880
point 1349				-88.092382	41.820693	223.827878
point 1350				-88.092408	41.820692	223.718492
point 1351				-88.092411	41.820711	223.725137
point 1352				-88.092384	41.820711	223.703988
point 1353				-88.092384	41.820714	223.709666
point 1354				-88.092410	41.820714	223.738799
point 1355				-88.092412	41.820734	223.649696
point 1356				-88.092385	41.820734	223.712762
point 1357				-88.092386	41.820738	223.705362
point 1358				-88.092413	41.820737	223.648202
point 1359				-88.092412	41.820757	223.648854
point 1360				-88.092387	41.820757	223.638760
point 1361				-88.092387	41.820760	223.637905
point 1362				-88.092414	41.820758	223.648006
point 1363				-88.092417	41.820780	223.639367
point 1364				-88.092391	41.820780	223.605163
point 1365				-88.092391	41.820783	223.624986
point 1366				-88.092419	41.820783	223.594369
point 1367				-88.092419	41.820803	223.835335
point 1368				-88.092393	41.820803	223.697757
point 1369				-88.092334	41.820392	223.129027
point 1370				-88.092364	41.820392	223.162241
point 1371				-88.092365	41.820412	223.221451
point 1372				-88.092337	41.820413	223.182523
point 1373				-88.092335	41.820417	223.408453
point 1374				-88.092365	41.820417	223.298683
point 1375				-88.092366	41.820435	223.350968
point 1376				-88.092336	41.820436	223.284695
point 1377				-88.092335	41.820440	223.329752
point 1378				-88.092366	41.820439	223.358436
point 1379				-88.092367	41.820458	223.436658
point 1380				-88.092338	41.820459	223.695424
point 1381				-88.092339	41.820463	224.161109
point 1382				-88.092367	41.820461	223.454386
point 1383				-88.092368	41.820480	223.662724
point 1384				-88.092340	41.820481	223.585465
point 1385				-88.092339	41.820485	223.563093
point 1386				-88.092366	41.820483	224.090318
point 1387				-88.092368	41.820504	223.870519
point 1388				-88.092341	41.820504	223.697500
point 1389				-88.092341	41.820508	223.645749
point 1390				-88.092369	41.820507	223.878895
point 1391				-88.092370	41.820527	223.761679
point 1392				-88.092343	41.820526	223.742979
point 1393				-88.092343	41.820530	223.735719
point 1394				-88.092370	41.820530	223.827848
point 1395				-88.092372	41.820551	223.797700
point 1396				-88.092345	41.820552	223.783049
point 1397				-88.092345	41.820555	223.808143
point 1398				-88.092372	41.820554	223.876207
point 1399				-88.092372	41.820575	223.945975
point 1400				-88.092347	41.820576	224.012182
point 1401				-88.092347	41.820580	223.953511
point 1402				-88.092372	41.820579	223.968537
point 1403				-88.092374	41.820597	223.971041
point 1404				-88.092349	41.820597	223.958937
point 1405				-88.092347	41.820601	223.981843
point 1406				-88.092373	41.820600	223.935659
point 1407				-88.092372	41.820619	223.902728
point 1408				-88.092347	41.820619	223.956231
point 1409				-88.092346	41.820623	223.906230
point 1410				-88.092372	41.820623	223.908198
point 1411				-88.092372	41.820643	223.933226
point 1412				-88.092347	41.820644	223.815481
point 1413				-88.092346	41.820647	223.826253
point 1414				-88.092374	41.820647	223.984666
point 1415				-88.092376	41.820665	223.822439
point 1416				-88.092348	41.820666	223.839017
point 1417				-88.092348	41.820670	223.782997
point 1418				-88.092376	41.820669	223.889845
point 1419				-88.092377	41.820689	223.882148
point 1420				-88.092350	41.820689	223.885223
point 1421				-88.092350	41.820691	223.944903
point 1422				-88.092378	41.820691	223.946241
point 1423				-88.092379	41.820712	223.712432
point 1424				-88.092351	41.820713	223.699224
point 1425				-88.092352	41.820716	223.725008
point 1426				-88.092379	41.820715	223.729739
point 1427				-88.092380	41.820735	223.669445
point 1428				-88.092355	41.820735	223.755218
point 1429				-88.092356	41.820740	223.897965
point 1430				-88.092382	41.820738	223.773352
point 1431				-88.092383	41.820758	223.626459
point 1432				-88.092358	41.820758	223.646937
point 1433				-88.092358	41.820760	223.637686
point 1434				-88.092385	41.820760	223.627294
point 1435				-88.092388	41.820780	223.617080
point 1436				-88.092360	41.820781	223.663615
point 1437				-88.092360	41.820787	223.652850
point 1438				-88.092387	41.820786	223.642668
point 1439				-88.092388	41.820804	224.004389
point 1440				-88.092363	41.820804	223.870661
point 1441				-88.092308	41.820417	223.176686
point 1442				-88.092333	41.820416	223.275701
point 1443				-88.092335	41.820438	223.288748
point 1444				-88.092309	41.820437	223.285393
point 1445				-88.092309	41.820440	223.270025
point 1446				-88.092334	41.820440	223.317409
point 1447				-88.092336	41.820459	223.628708
point 1448				-88.092311	41.820459	223.340486
point 1449				-88.092309	41.820463	223.499543
point 1450				-88.092336	41.820463	224.584262
point 1451				-88.092336	41.820481	223.540128
point 1452				-88.092309	41.820482	224.026130
point 1453				-88.092307	41.820487	223.678415
point 1454				-88.092336	41.820485	223.621511
point 1455				-88.092337	41.820504	223.675016
point 1456				-88.092309	41.820505	223.621829
point 1457				-88.092308	41.820508	223.636005
point 1458				-88.092337	41.820507	223.718604
point 1459				-88.092339	41.820528	223.740633
point 1460				-88.092310	41.820529	223.755739
point 1461				-88.092310	41.820532	223.715855
point 1462				-88.092340	41.820530	223.733011
point 1463				-88.092342	41.820551	223.787147
point 1464				-88.092312	41.820552	223.801941
point 1465				-88.092312	41.820554	223.812539
point 1466				-88.092342	41.820554	223.775833
point 1467				-88.092343	41.820574	223.976210
point 1468				-88.092312	41.820576	223.994039
point 1469				-88.092314	41.820580	224.901872
point 1470				-88.092344	41.820579	224.191198
point 1471				-88.092346	41.820598	224.023130
point 1472				-88.092316	41.820598	224.283510
point 1473				-88.092316	41.820601	224.396790
point 1474				-88.092344	41.820601	224.020572
point 1475				-88.092343	41.820620	223.914513
point 1476				-88.092315	41.820621	223.956844
point 1477				-88.092314	41.820625	223.819962
point 1478				-88.092342	41.820624	223.903260
point 1479				-88.092343	41.820644	223.835631
point 1480				-88.092316	41.820645	223.837448
point 1481				-88.092316	41.820647	223.856338
point 1482				-88.092343	41.820647	223.842263
point 1483				-88.092345	41.820668	223.792923
point 1484				-88.092319	41.820668	223.780404
point 1485				-88.092318	41.820671	223.773049
point 1486				-88.092344	41.820671	223.780693
point 1487				-88.092345	41.820690	223.751959
point 1488				-88.092319	41.820690	223.726167
point 1489				-88.092319	41.820693	223.747139
point 1490				-88.092347	41.820693	223.986645
point 1491				-88.092349	41.820713	223.693861
point 1492				-88.092320	41.820714	223.702668
point 1493				-88.092322	41.820717	223.726531
point 1494				-88.092350	41.820716	223.707291
point 1495				-88.092351	41.820736	223.728701
point 1496				-88.092322	41.820736	223.664603
point 1497				-88.092321	41.820738	223.685856
point 1498				-88.092353	41.820739	223.817496
point 1499				-88.092355	41.820759	223.657809
point 1500				-88.092324	41.820760	223.890050
point 1501				-88.092322	41.820763	223.791513
point 1502				-88.092355	41.820761	223.717085
point 1503				-88.092356	41.820782	223.689834
point 1504				-88.092329	41.820782	223.796590
point 1505				-88.092328	41.820786	223.688392
point 1506				-88.092357	41.820785	223.704438
point 1507				-88.092359	41.820804	223.824553
point 1508				-88.092332	41.820805	223.969081
point 1509				-88.092276	41.820440	223.144312
point 1510				-88.092306	41.820439	223.258622
point 1511				-88.092307	41.820460	223.329950
point 1512				-88.092277	41.820460	223.242367
point 1513				-88.092278	41.820463	223.289603
point 1514				-88.092307	41.820463	223.439704
point 1515				-88.092306	41.820482	224.292820
point 1516				-88.092279	41.820483	223.462755
point 1517				-88.092278	41.820487	223.605336
point 1518				-88.092305	41.820486	224.008346
point 1519				-88.092306	41.820507	223.602645
point 1520				-88.092279	41.820506	223.584957
point 1521				-88.092279	41.820511	223.682144
point 1522				-88.092305	41.820511	223.750898
point 1523				-88.092306	41.820530	223.721188
point 1524				-88.092278	41.820530	223.846395
point 1525				-88.092280	41.820532	223.843149
point 1526				-88.092307	41.820532	223.736081
point 1527				-88.092309	41.820552	223.800777
point 1528				-88.092281	41.820553	223.826863
point 1529				-88.092281	41.820557	223.840050
point 1530				-88.092309	41.820555	223.855042
point 1531				-88.092309	41.820575	223.943198
point 1532				-88.092284	41.820576	224.402199
point 1533				-88.092284	41.820578	224.170267
point 1534				-88.092310	41.820578	224.511689
point 1535				-88.092312	41.820598	224.054992
point 1536				-88.092285	41.820599	223.878601
point 1537				-88.092285	41.820602	223.863834
point 1538				-88.092311	41.820601	224.008177
point 1539				-88.092312	41.820621	223.859299
point 1540				-88.092286	41.820623	223.810738
point 1541				-88.092286	41.820627	223.866524
point 1542				-88.092310	41.820625	223.841838
point 1543				-88.092313	41.820646	223.835885
point 1544				-88.092285	41.820645	223.778136
point 1545				-88.092286	41.820648	223.777979
point 1546				-88.092313	41.820647	223.857410
point 1547				-88.092314	41.820667	223.822893
point 1548				-88.092288	41.820669	223.727847
point 1549				-88.092289	41.820672	223.744518
point 1550				-88.092315	41.820670	223.777598
point 1551				-88.092317	41.820690	223.734789
point 1552				-88.092291	41.820690	223.744123
point 1553				-88.092291	41.820694	223.813212
point 1554				-88.092316	41.820694	223.802233
point 1555				-88.092317	41.820712	223.784326
point 1556				-88.092292	41.820713	223.728280
point 1557				-88.092291	41.820717	223.652482
point 1558				-88.092317	41.820717	223.706862
point 1559				-88.092319	41.820737	223.654749
point 1560				-88.092292	41.820737	223.650740
point 1561				-88.092292	41.820739	223.678712
point 1562				-88.092319	41.820739	223.692673
point 1563				-88.092320	41.820760	223.928676
point 1564				-88.092292	41.820761	223.628436
point 1565				-88.092296	41.820765	223.649044
point 1566				-88.092321	41.820763	223.795258
point 1567				-88.092325	41.820784	223.722218
point 1568				-88.092297	41.820785	223.680583
point 1569				-88.092297	41.820788	223.732270
point 1570				-88.092325	41.820786	223.688182
point 1571				-88.092326	41.820806	223.827849
point 1572				-88.092299	41.820807	223.861731
point 1573				-88.092247	41.820463	223.209855
point 1574				-88.092275	41.820462	223.266168
point 1575				-88.092276	41.820484	223.460476
point 1576				-88.092249	41.820483	223.361142
point 1577				-88.092249	41.820486	223.357374
point 1578				-88.092276	41.820487	223.589859
point 1579				-88.092277	41.820508	223.583642
point 1580				-88.092250	41.820508	223.896839
point 1581				-88.092250	41.820511	224.134118
point 1582				-88.092275	41.820511	223.685287
point 1583				-88.092276	41.820531	223.906604
point 1584				-88.092253	41.820530	223.782175
point 1585				-88.092252	41.820534	223.687405
point 1586				-88.092277	41.820534	223.932440
point 1587				-88.092278	41.820555	223.873979
point 1588				-88.092252	41.820555	223.886785
point 1589				-88.092251	41.820558	224.032130
point 1590				-88.092280	41.820558	223.850003
point 1591				-88.092281	41.820576	224.022231
point 1592				-88.092252	41.820577	223.818265
point 1593				-88.092252	41.820581	223.939582
point 1594				-88.092281	41.820579	224.018261
point 1595				-88.092280	41.820600	223.861753
point 1596				-88.092251	41.820600	223.887375
point 1597				-88.092252	41.820603	223.917105
point 1598				-88.092280	41.820603	223.924900
point 1599				-88.092282	41.820622	223.828339
point 1600				-88.092254	41.820623	223.800993
point 1601				-88.092253	41.820627	223.839422
point 1602				-88.092282	41.820626	223.813246
point 1603				-88.092283	41.820646	223.784816
point 1604				-88.092254	41.820646	223.752176
point 1605				-88.092255	41.820649	223.760898
point 1606				-88.092283	41.820648	223.775122
point 1607				-88.092284	41.820669	223.731647
point 1608				-88.092258	41.820670	223.740629
point 1609				-88.092257	41.820673	223.726351
point 1610				-88.092285	41.820673	223.756275
point 1611				-88.092286	41.820691	223.718237
point 1612				-88.092259	41.820691	223.737378
point 1613				-88.092258	41.820693	223.747087
point 1614				-88.092286	41.820694	223.801767
point 1615				-88.092287	41.820714	223.682170
point 1616				-88.092260	41.820715	223.675368
point 1617				-88.092260	41.820718	223.667181
point 1618				-88.092289	41.820717	223.653584
point 1619				-88.092289	41.820738	223.678621
point 1620				-88.092263	41.820737	223.771701
point 1621				-88.092263	41.820741	223.819638
point 1622				-88.092290	41.820740	223.720506
point 1623				-88.092290	41.820761	223.657877
point 1624				-88.092265	41.820761	223.787529
point 1625				-88.092266	41.820762	223.933479
point 1626				-88.092291	41.820763	223.636859
point 1627				-88.092293	41.820785	223.664113
point 1628				-88.092265	41.820786	223.762275
point 1629				-88.092215	41.820488	223.268716
point 1630				-88.092247	41.820487	223.353702
point 1631				-88.092245	41.820508	223.856031
point 1632				-88.092217	41.820508	223.445156
point 1633				-88.092215	41.820512	223.521918
point 1634				-88.092246	41.820512	223.806286
point 1635				-88.092248	41.820531	223.800680
point 1636				-88.092217	41.820532	223.795370
point 1637				-88.092217	41.820534	224.016243
point 1638				-88.092248	41.820534	224.118996
point 1639				-88.092249	41.820555	223.801876
point 1640				-88.092217	41.820555	223.752000
point 1641				-88.092219	41.820559	223.726534
point 1642				-88.092247	41.820558	223.802305
point 1643				-88.092249	41.820577	223.766351
point 1644				-88.092222	41.820577	224.157178
point 1645				-88.092222	41.820581	224.240740
point 1646				-88.092248	41.820581	223.948927
point 1647				-88.092249	41.820600	223.863281
point 1648				-88.092222	41.820600	223.827262
point 1649				-88.092222	41.820603	223.779628
point 1650				-88.092250	41.820603	223.964163
point 1651				-88.092251	41.820623	223.816706
point 1652				-88.092224	41.820623	223.852248
point 1653				-88.092225	41.820627	223.821484
point 1654				-88.092250	41.820626	223.847595
point 1655				-88.092250	41.820647	223.819514
point 1656				-88.092224	41.820647	223.838373
point 1657				-88.092224	41.820650	223.949989
point 1658				-88.092250	41.820650	223.825082
point 1659				-88.092251	41.820669	223.848903
point 1660				-88.092224	41.820667	223.731452
point 1661				-88.092224	41.820671	223.701491
point 1662				-88.092251	41.820672	223.837388
point 1663				-88.092254	41.820690	223.709314
point 1664				-88.092227	41.820690	223.755387
point 1665				-88.092227	41.820695	223.649603
point 1666				-88.092254	41.820694	223.692727
point 1667				-88.092255	41.820716	223.615230
point 1668				-88.092230	41.820715	223.625772
point 1669				-88.092230	41.820720	223.639432
point 1670				-88.092258	41.820719	223.658408
point 1671				-88.092259	41.820739	223.694078
point 1672				-88.092232	41.820740	223.890545
point 1673				-88.092233	41.820743	223.799877
point 1674				-88.092260	41.820742	223.738929
point 1675				-88.092261	41.820761	223.730381
point 1676				-88.092233	41.820762	223.733744
point 1677				-88.092189	41.820508	223.392921
point 1678				-88.092214	41.820508	223.472497
point 1679				-88.092215	41.820531	223.618505
point 1680				-88.092190	41.820532	223.445346
point 1681				-88.092190	41.820536	223.472804
point 1682				-88.092215	41.820535	223.711089
point 1683				-88.092215	41.820556	223.671675
point 1684				-88.092190	41.820555	223.525553
point 1685				-88.092190	41.820559	223.533735
point 1686				-88.092216	41.820559	223.725533
point 1687				-88.092217	41.820577	223.803484
point 1688				-88.092191	41.820578	223.620263
point 1689				-88.092191	41.820580	223.574631
point 1690				-88.092218	41.820580	224.069168
point 1691				-88.092219	41.820601	223.727559
point 1692				-88.092192	41.820602	223.693106
point 1693				-88.092192	41.820604	223.743304
point 1694				-88.092218	41.820604	223.763339
point 1695				-88.092219	41.820623	223.744183
point 1696				-88.092191	41.820624	223.665947
point 1697				-88.092191	41.820627	223.717357
point 1698				-88.092220	41.820626	223.818946
point 1699				-88.092221	41.820647	223.797573
point 1700				-88.092194	41.820647	223.635930
point 1701				-88.092193	41.820650	223.618465
point 1702				-88.092221	41.820650	223.840374
point 1703				-88.092221	41.820669	223.745474
point 1704				-88.092194	41.820670	223.651424
point 1705				-88.092193	41.820674	223.609614
point 1706				-88.092221	41.820673	223.688090
point 1707				-88.092222	41.820692	223.670825
point 1708				-88.092194	41.820692	223.573600
point 1709				-88.092195	41.820697	223.588239
point 1710				-88.092224	41.820696	223.649771
point 1711				-88.092226	41.820716	223.644695
point 1712				-88.092198	41.820717	223.662357
point 1713				-88.092198	41.820722	223.641655
point 1714				-88.092226	41.820720	223.712135
point 1715				-88.092228	41.820741	224.033512
point 1716				-88.092199	41.820743	223.837762
point 1717				-88.092157	41.820534	223.300462
point 1718				-88.092185	41.820533	223.428241
point 1719				-88.092187	41.820557	223.509983
point 1720				-88.092158	41.820557	223.447764
point 1721				-88.092158	41.820560	223.892521
point 1722				-88.092187	41.820559	223.525243
point 1723				-88.092186	41.820578	223.603250
point 1724				-88.092158	41.820579	223.813749
point 1725				-88.092158	41.820582	223.855525
point 1726				-88.092187	41.820581	223.564086
point 1727				-88.092186	41.820603	223.675637
point 1728				-88.092158	41.820603	223.759134
point 1729				-88.092159	41.820606	224.079020
point 1730				-88.092189	41.820605	223.773875
point 1731				-88.092188	41.820625	223.710083
point 1732				-88.092159	41.820624	223.862275
point 1733				-88.092159	41.820628	223.930552
point 1734				-88.092188	41.820627	223.680470
point 1735				-88.092189	41.820648	223.678202
point 1736				-88.092161	41.820648	223.666238
point 1737				-88.092162	41.820651	223.558407
point 1738				-88.092189	41.820650	223.668047
point 1739				-88.092191	41.820671	223.640402
point 1740				-88.092162	41.820671	223.605979
point 1741				-88.092163	41.820673	223.594842
point 1742				-88.092191	41.820674	223.604002
point 1743				-88.092191	41.820692	223.565818
point 1744				-88.092166	41.820693	223.555083
point 1745				-88.092167	41.820696	223.614351
point 1746				-88.092192	41.820697	223.573498
point 1747				-88.092193	41.820717	223.658257
point 1748				-88.092166	41.820716	223.619718
